Period,Total Interest Due,Total Interest Paid,Total Interest Shortfall,Principal Paid,Total Notional Balance
0,66160.2067414,0.0,66160.2067414,0.0,14177187.1589
1,0.0,66483.13156,0.0,286970.898726,13956376.4669
2,0.0,65143.9340326,0.0,288310.096254,13668066.3706
3,0.0,63798.4869168,0.0,289655.543369,13378410.8273
4,0.0,62446.7610477,0.0,291007.269238,13087403.558
5,0.0,61088.7271246,0.0,292365.303162,12795038.2549
6,0.0,59724.3557099,0.0,293729.674576,12501308.5803
7,1.09139364213e-11,58353.6172285,0.0,295100.413058,12206208.1672
8,0.0,56976.4819676,0.0,296477.548319,11909730.6189
9,0.0,55592.9200754,0.0,297861.110211,11611869.5087
10,-9.09494701773e-12,54202.9015611,0.0,299251.128725,11312618.38
11,9.09494701773e-12,52806.3962937,0.0,300647.633992,11011970.746
12,0.0,51403.3740018,0.0,302050.656284,10709920.0897
13,7.27595761418e-12,49993.8042724,0.0,303460.226014,10406459.8637
14,-9.09494701773e-12,48577.656551,0.0,304876.373735,10101583.49
15,-1.81898940355e-12,47154.9001403,0.0,306299.130146,9795284.35981
16,5.45696821064e-12,45725.5041996,0.0,307728.526087,9487555.83372
17,-5.45696821064e-12,44289.4377445,0.0,309164.592542,9178391.24118
18,0.0,42846.669646,0.0,310607.36064,8867783.88054
19,0.0,41397.1686297,0.0,312056.861657,8555727.01888
20,0.0,39940.9032753,0.0,313513.127011,8242213.89187
21,0.0,38477.8420159,0.0,314975.142063,7927238.74981
22,0.0,37007.9580196,0.0,316443.772204,7610794.9776
23,0.0,35531.220416,0.0,317919.274922,7292875.70268
24,0.0,34047.597133,0.0,319401.383064,6973474.31962
25,0.0,32557.0573454,0.0,320886.58099,6652587.73863
26,0.0,31059.5866341,0.0,322374.313848,6330213.42478
27,3.63797880709e-12,29555.1731695,0.0,323859.946225,6006353.47855
28,0.0,28043.8267537,0.0,325339.088538,5681014.39002
29,0.0,26525.5776739,0.0,326817.755235,5354196.63478
30,-3.63797880709e-12,25000.4281495,0.0,328284.429108,5025912.20567
31,0.0,23468.434147,0.0,329723.124445,4696189.08123
32,2.72848410532e-12,21929.7262329,0.0,331169.660504,4365019.42072
33,0.0,20384.2678172,0.0,332617.643146,4032401.77758
34,-2.72848410532e-12,18832.0521492,0.0,334060.162126,3698341.61545
35,-2.72848410532e-12,17273.1047259,0.0,335518.605087,3362823.01036
36,2.72848410532e-12,15707.3512355,0.0,336979.515869,3025843.4945
37,2.27373675443e-12,14134.7801615,0.0,338425.771239,2687417.72326
38,4.54747350886e-12,12555.4598957,0.0,339882.734042,2347534.98921
39,1.36424205266e-12,10969.3404702,0.0,341337.025362,2006197.96385
40,2.72848410532e-12,9376.4343518,0.0,342828.104023,1663369.85983
41,1.36424205266e-12,7776.56986636,0.0,344289.022085,1319080.83774
42,1.13686837722e-12,6169.88776329,0.0,345793.286213,973287.55153
43,0.0,4556.18576097,0.0,347296.603447,625990.948083
44,-2.95585778076e-12,2935.46827821,0.0,348837.493876,277153.454207
45,3.46744855051e-12,1307.55997346,0.0,277153.454207,7.60337570682e-10
46,3.37725699258e-12,3.37725699258e-12,0.0,7.60337570682e-10,7.60337570682e-10
47,3.37725699258e-12,3.37725699258e-12,0.0,7.60337570682e-10,7.60337570682e-10
48,3.37725699258e-12,3.37725699258e-12,0.0,7.60337570682e-10,7.60337570682e-10
49,3.37725699258e-12,3.37725699258e-12,0.0,7.60337570682e-10,7.60337570682e-10
50,3.37725699258e-12,3.37725699258e-12,0.0,7.60337570682e-10,7.60337570682e-10
51,3.37725699258e-12,3.37725699258e-12,0.0,7.60337570682e-10,7.60337570682e-10
52,3.37725699258e-12,3.37725699258e-12,0.0,7.60337570682e-10,7.60337570682e-10
53,3.37725699258e-12,3.37725699258e-12,0.0,7.60337570682e-10,7.60337570682e-10
54,3.37725699258e-12,3.37725699258e-12,0.0,7.60337570682e-10,7.60337570682e-10
55,3.37725699258e-12,3.37725699258e-12,0.0,7.60337570682e-10,7.60337570682e-10
56,3.37725699258e-12,3.37725699258e-12,0.0,7.60337570682e-10,7.60337570682e-10
57,3.37725699258e-12,3.37725699258e-12,0.0,7.60337570682e-10,7.60337570682e-10
58,3.37725699258e-12,3.37725699258e-12,0.0,7.60337570682e-10,7.60337570682e-10
59,3.37725699258e-12,3.37725699258e-12,0.0,7.60337570682e-10,7.60337570682e-10
60,3.37725699258e-12,3.37725699258e-12,0.0,7.60337570682e-10,7.60337570682e-10
61,3.37725699258e-12,3.37725699258e-12,0.0,7.60337570682e-10,7.60337570682e-10
62,3.37725699258e-12,3.37725699258e-12,0.0,7.60337570682e-10,7.60337570682e-10
63,3.37725699258e-12,3.37725699258e-12,0.0,7.60337570682e-10,7.60337570682e-10
64,3.37725699258e-12,3.37725699258e-12,0.0,7.60337570682e-10,7.60337570682e-10
65,3.37725699258e-12,3.37725699258e-12,0.0,7.60337570682e-10,7.60337570682e-10
66,3.37725699258e-12,3.37725699258e-12,0.0,7.60337570682e-10,7.60337570682e-10
67,3.37725699258e-12,3.37725699258e-12,0.0,7.60337570682e-10,7.60337570682e-10
68,3.37725699258e-12,3.37725699258e-12,0.0,7.60337570682e-10,7.60337570682e-10
69,3.37725699258e-12,3.37725699258e-12,0.0,7.60337570682e-10,7.60337570682e-10
70,3.37725699258e-12,3.37725699258e-12,0.0,7.60337570682e-10,7.60337570682e-10
71,3.37725699258e-12,3.37725699258e-12,0.0,7.60337570682e-10,7.60337570682e-10
